,S,A,B,C,D,E,F,G,H,I,J
S,0,14,17,23,21,18,17,3,25,15,22
A,14,0,2,3,9,16,18,27,1,22,6
B,17,2,0,6,20,10,15,23,5,28,10
C,23,3,6,0,27,12,12,3,29,23,1
D,21,9,20,27,0,15,5,19,22,29,11
E,18,16,10,12,15,0,12,15,15,20,10
F,17,18,15,12,5,12,0,14,24,9,8
G,3,27,23,3,19,15,14,0,27,15,26
H,25,1,5,29,22,15,24,27,0,9,24
I,15,22,28,23,29,20,9,15,9,0,28
J,22,6,10,1,11,10,8,26,24,28,0
